-0.215866,-0.183049,-0.157443,-0.127111,-0.119525,-0.162372,-0.0828333,-0.143062,-0.203917,-0.133255,-0.180678,-0.125055,-0.176789,-0.116045,-0.193466,-0.0707694,-0.156442,-0.154844,-0.0902774,-0.131602	-0.403422,-0.370203,-0.36152,-0.309489,-0.330908,-0.281544,-0.280201,-0.345144,-0.337658,-0.344581,-0.344212,-0.26669,-0.305081,-0.289614,-0.377689,-0.167711,-0.163927,-0.280398,-0.27027,-0.303807	0.205447,0.200758,0.216394,0.189847,0.220088,0.124881,0.202057,0.212579,0.143631,0.221497,0.174379,0.146522,0.135606,0.179605,0.198745,0.0981057,0.00768253,0.131253,0.184494,0.179377
-0.307557,-0.28922,-0.252006,-0.181854,-0.241777,-0.35822,-0.223417,-0.260105,-0.344858,-0.246098,-0.405447,-0.296003,-0.241815,-0.305713,-0.310689,-0.244188,-0.178723,-0.191025,-0.239413,-0.227831	-0.603779,-0.591441,-0.597605,-0.523938,-0.609008,-0.61609,-0.533841,-0.562153,-0.585595,-0.598671,-0.62801,-0.63459,-0.514714,-0.598181,-0.600973,-0.485023,-0.4079,-0.453731,-0.556789,-0.516328	0.363773,0.364585,0.406874,0.37811,0.43064,0.330898,0.352461,0.353777,0.301656,0.413495,0.298592,0.416898,0.311694,0.357922,0.356928,0.273192,0.247198,0.287637,0.366191,0.32696
0.0369535,0.0695077,-0.00323262,0.0894906,0.0491249,0.0716047,0.133797,0.0843286,0.063244,0.0488383,0.0781681,0.123672,0.0295706,-0.0200318,0.0938174,0.0414026,-0.00126681,0.042578,0.0508977,0.0767377	0.0866931,0.0948026,0.0620799,0.171403,0.140257,0.216748,0.216707,0.178873,0.178417,0.145197,0.128679,0.209729,0.114561,0.106313,0.152904,0.170995,0.0881541,0.0822501,0.115321,0.149169	-0.0498995,-0.0254627,-0.0652994,-0.0831887,-0.0917639,-0.147432,-0.0853857,-0.0959925,-0.116488,-0.0970469,-0.0510236,-0.0883488,-0.0852789,-0.126076,-0.0599467,-0.130516,-0.089411,-0.0398115,-0.0648034,-0.0732705
-0.23697,-0.213768,-0.194238,-0.183865,-0.212134,-0.249092,-0.177924,-0.25712,-0.285171,-0.213686,-0.296722,-0.284532,-0.231221,-0.284882,-0.286284,-0.176966,-0.157345,-0.18595,-0.205022,-0.222751	-0.510529,-0.491601,-0.517483,-0.457748,-0.499131,-0.497582,-0.434513,-0.509776,-0.482997,-0.528804,-0.501331,-0.544031,-0.449654,-0.51588,-0.524405,-0.373719,-0.316022,-0.399067,-0.46597,-0.450103	0.311208,0.31046,0.359366,0.299053,0.320983,0.283646,0.278089,0.290768,0.229427,0.355262,0.240365,0.307024,0.243779,0.270796,0.280185,0.210687,0.16698,0.2302,0.28851,0.252687
0.314605,0.354066,0.273676,0.305858,0.375916,0.293773,0.307097,0.350141,0.289628,0.318723,0.18907,0.306867,0.299212,0.282713,0.376938,0.175707,0.116928,0.154175,0.279924,0.238888	0.0148283,0.0425796,-0.0653163,-0.0221267,-0.0341427,-0.0769526,0.0347295,0.0718503,-0.0247541,-0.0532689,-0.0474097,-0.150516,-0.0159826,-0.032256,0.0504477,-0.0869109,-0.199517,-0.0870317,-0.0402733,-0.00753685	0.301182,0.316255,0.33304,0.32578,0.404862,0.36253,0.275304,0.285472,0.312145,0.365782,0.234379,0.437189,0.313694,0.312123,0.332819,0.258667,0.309231,0.238013,0.316627,0.245982
-0.382887,-0.325418,-0.364735,-0.311705,-0.302061,-0.336907,-0.300796,-0.310506,-0.31837,-0.371897,-0.320941,-0.268353,-0.29045,-0.347901,-0.287104,-0.225336,-0.221495,-0.255794,-0.259175,-0.324602	-0.119337,-0.0922619,-0.0927071,-0.0549378,0.0104303,-0.085156,-0.0256936,-0.00699154,-0.0604244,-0.0687302,-0.112486,-0.0456797,-0.0778531,-0.0592256,-0.0193742,-0.0165302,-0.138273,-0.0811797,-0.0146539,-0.0918275	-0.276169,-0.240373,-0.281548,-0.261241,-0.31151,-0.259187,-0.277245,-0.304175,-0.263005,-0.311119,-0.216263,-0.225437,-0.217516,-0.294749,-0.269227,-0.209586,-0.0858516,-0.178317,-0.245454,-0.239926
0.684231,0.7157,0.674985,0.600218,0.652178,0.678651,0.634692,0.73038,0.668038,0.681617,0.619621,0.653857,0.645502,0.550643,0.724547,0.465648,0.336214,0.402332,0.611846,0.567116	0.535672,0.570504,0.444211,0.438567,0.472959,0.442791,0.519497,0.610416,0.533126,0.461657,0.504366,0.39809,0.488571,0.399524,0.586929,0.30788,0.12025,0.248224,0.442211,0.450345	0.234514,0.245392,0.3296,0.219407,0.259156,0.337184,0.171861,0.216477,0.209538,0.320956,0.167648,0.345769,0.229223,0.193741,0.239443,0.184171,0.225063,0.171206,0.232557,0.156824
-0.566618,-0.508412,-0.557193,-0.507718,-0.52325,-0.5842,-0.526757,-0.506485,-0.523035,-0.58275,-0.5447,-0.598587,-0.461838,-0.539283,-0.523168,-0.484577,-0.420485,-0.403078,-0.506398,-0.504809	-0.169877,-0.12569,-0.105694,-0.0833252,-0.00714817,-0.145478,-0.129047,-0.0669373,-0.129525,-0.113822,-0.240461,-0.140096,-0.0764604,-0.0688495,-0.110961,-0.127204,-0.108573,-0.0761996,-0.0749347,-0.139553	-0.438997,-0.408848,-0.479753,-0.443141,-0.518039,-0.479472,-0.426717,-0.454973,-0.422105,-0.502241,-0.350094,-0.50046,-0.399485,-0.488575,-0.437611,-0.380848,-0.326834,-0.337236,-0.448482,-0.392937
0.238919,0.224036,0.25702,0.16387,0.224728,0.259133,0.244634,0.268232,0.208825,0.211559,0.149071,0.217004,0.205861,0.146466,0.230102,0.196135,0.0146919,0.108748,0.174904,0.186052	0.362626,0.362777,0.364906,0.322987,0.465929,0.388689,0.39283,0.41803,0.399931,0.342844,0.286094,0.432647,0.358712,0.330227,0.414878,0.326767,0.146647,0.206748,0.323583,0.3117	-0.135442,-0.151014,-0.119051,-0.16801,-0.269411,-0.144067,-0.163951,-0.168717,-0.20852,-0.141552,-0.143127,-0.237987,-0.165038,-0.193101,-0.204277,-0.139578,-0.13224,-0.100254,-0.157599,-0.133383
-0.108052,-0.09691,-0.0559262,-0.104581,-0.0205969,-0.07524,-0.0865806,-0.0812634,-0.115481,-0.115878,-0.180822,-0.11149,-0.113246,-0.134453,-0.10613,-0.0786882,-0.109802,-0.071193,-0.0445165,-0.148758	-0.464797,-0.433211,-0.47688,-0.456378,-0.434631,-0.488355,-0.426861,-0.448941,-0.444653,-0.530161,-0.442912,-0.485061,-0.426784,-0.503349,-0.449139,-0.392376,-0.348234,-0.342362,-0.401586,-0.454514	0.375609,0.351039,0.432488,0.369429,0.417774,0.428874,0.353339,0.381599,0.346989,0.441399,0.284908,0.394929,0.329461,0.395674,0.360178,0.323682,0.247911,0.277944,0.363569,0.327929
0.514313,0.557542,0.457878,0.445546,0.535499,0.577817,0.458494,0.52996,0.548579,0.497407,0.512105,0.51813,0.485362,0.500812,0.584832,0.389858,0.27146,0.308382,0.456106,0.411691	0.195491,0.187621,0.0602513,0.0814705,0.0595665,0.0614928,0.102009,0.181671,0.146686,0.0558783,0.113064,-0.0386209,0.140773,0.059393,0.207931,-0.0173605,-0.058841,0.0440251,0.0398447,0.10048	0.354461,0.413138,0.408907,0.377788,0.491614,0.535346,0.373976,0.385393,0.437063,0.454151,0.423565,0.545829,0.369861,0.454951,0.429079,0.404481,0.325108,0.267995,0.423966,0.324641
-0.34148,-0.336604,-0.32642,-0.368233,-0.318826,-0.348861,-0.385,-0.345698,-0.321559,-0.376329,-0.36753,-0.344739,-0.289182,-0.301927,-0.334742,-0.257324,-0.182794,-0.257009,-0.289183,-0.357184	0.113042,0.102573,0.0747049,0.0798951,0.134162,0.0936957,0.0723018,0.157455,0.172968,0.0741867,0.0741616,0.0981625,0.106436,0.0683418,0.188128,0.0649812,0.030449,0.0870285,0.0766641,0.0462846	-0.437629,-0.42452,-0.391576,-0.435321,-0.434407,-0.428549,-0.444917,-0.477179,-0.468471,-0.438279,-0.429972,-0.428404,-0.383805,-0.362783,-0.491894,-0.317005,-0.212063,-0.33651,-0.357912,-0.396906
0.722977,0.760466,0.729939,0.664808,0.714804,0.751057,0.689855,0.785735,0.747768,0.744755,0.71618,0.746587,0.720668,0.656245,0.781177,0.56086,0.42876,0.497905,0.682291,0.647198	0.597816,0.622211,0.498071,0.478186,0.488366,0.498381,0.519951,0.613089,0.58395,0.492988,0.542974,0.410156,0.558472,0.407444,0.616818,0.329617,0.229075,0.335166,0.44623,0.478444	0.220433,0.262428,0.364322,0.273601,0.347877,0.403838,0.264933,0.333116,0.290797,0.397833,0.283417,0.484922,0.271444,0.339606,0.3172,0.283688,0.221434,0.195337,0.339392,0.244446
-0.486967,-0.489329,-0.499782,-0.527302,-0.515267,-0.509875,-0.541129,-0.484551,-0.483244,-0.554808,-0.515601,-0.580848,-0.449813,-0.451586,-0.504677,-0.457097,-0.367744,-0.38173,-0.476088,-0.497101	0.162729,0.171854,0.159459,0.110687,0.246274,0.260983,0.129128,0.224497,0.258807,0.145188,0.181794,0.182699,0.184884,0.257168,0.231973,0.145178,0.079283,0.129601,0.175394,0.109242	-0.601992,-0.609895,-0.610581,-0.602806,-0.675786,-0.680328,-0.626482,-0.639485,-0.659561,-0.647814,-0.637628,-0.690292,-0.585966,-0.635009,-0.659447,-0.564795,-0.434362,-0.487227,-0.601274,-0.575112
0.387701,0.361431,0.379683,0.293813,0.367456,0.394524,0.355228,0.427607,0.400402,0.367108,0.35914,0.418104,0.380183,0.345955,0.424504,0.309105,0.14386,0.242534,0.322803,0.346505	0.546841,0.554536,0.522754,0.438386,0.593373,0.614436,0.517619,0.551879,0.605064,0.507193,0.574981,0.585594,0.525573,0.515978,0.593636,0.498139,0.294667,0.339539,0.48384,0.462146	-0.201957,-0.24151,-0.1785,-0.165948,-0.28891,-0.290277,-0.198978,-0.162657,-0.270098,-0.172136,-0.272012,-0.221794,-0.181695,-0.206968,-0.226112,-0.223438,-0.157482,-0.105711,-0.190844,-0.13769
0.13679,0.121213,0.146156,0.0932346,0.207641,0.195736,0.117051,0.20035,0.209109,0.111281,0.121659,0.209104,0.138017,0.175102,0.210253,0.117177,0.0628895,0.129635,0.172594,0.0956727	-0.420222,-0.430402,-0.431678,-0.481026,-0.427379,-0.453407,-0.470896,-0.447268,-0.425022,-0.51058,-0.453719,-0.496532,-0.402142,-0.411822,-0.449215,-0.38425,-0.29821,-0.325397,-0.392018,-0.442492	0.526734,0.524264,0.543541,0.549611,0.58326,0.596229,0.557233,0.594358,0.582372,0.588428,0.545279,0.639263,0.511756,0.547447,0.602558,0.479822,0.354452,0.436614,0.528831,0.516307
-0.299181,-0.361085,-0.351758,-0.352498,-0.420075,-0.402684,-0.335415,-0.331519,-0.382164,-0.408344,-0.341937,-0.509541,-0.305988,-0.323086,-0.407236,-0.34806,-0.286247,-0.229673,-0.357998,-0.279511	-0.390567,-0.466031,-0.358237,-0.373014,-0.379018,-0.400079,-0.385109,-0.38894,-0.401309,-0.405132,-0.396263,-0.419617,-0.357235,-0.335132,-0.462965,-0.285396,-0.202774,-0.205197,-0.344962,-0.342596	0.103476,0.12618,0.00741233,0.0236228,-0.0488318,-0.0031043,0.0570657,0.0659206,0.0226129,-0.00384793,0.0628404,-0.114379,0.0575367,0.0135083,0.0686777,-0.0695759,-0.0886165,-0.0256875,-0.0148723,0.0697647
-0.61241,-0.664102,-0.552531,-0.551566,-0.541581,-0.572533,-0.507323,-0.659138,-0.596056,-0.623411,-0.583929,-0.532869,-0.569992,-0.512339,-0.668356,-0.324332,-0.310108,-0.31634,-0.569516,-0.496786	0.0971555,0.0534118,0.214406,0.0530736,0.193226,0.181803,0.198752,0.130646,0.208771,0.0856394,0.17451,0.253949,0.125607,0.081004,0.0824586,0.214624,0.0564769,0.0823934,0.0933686,0.146693	-0.669718,-0.692935,-0.685704,-0.587443,-0.665196,-0.683221,-0.641401,-0.727165,-0.715759,-0.673114,-0.6883,-0.693035,-0.649125,-0.5697,-0.711597,-0.503881,-0.360276,-0.388605,-0.629415,-0.599771
-0.690416,-0.738935,-0.677734,-0.648687,-0.659874,-0.678953,-0.654373,-0.739953,-0.701108,-0.711876,-0.680186,-0.684973,-0.676566,-0.603018,-0.751203,-0.503064,-0.390006,-0.430679,-0.618738,-0.622031	-0.203556,-0.251544,-0.28601,-0.275778,-0.290423,-0.295737,-0.22227,-0.290276,-0.269282,-0.36302,-0.237897,-0.403741,-0.24722,-0.26167,-0.327495,-0.237689,-0.193844,-0.14771,-0.246399,-0.207232	-0.56647,-0.598668,-0.485913,-0.454154,-0.457038,-0.479494,-0.505648,-0.572684,-0.532327,-0.470426,-0.527674,-0.388738,-0.515584,-0.405301,-0.561959,-0.301416,-0.212205,-0.302194,-0.439315,-0.476181
-0.285888,-0.307613,-0.290628,-0.238271,-0.230995,-0.296651,-0.29603,-0.315432,-0.301786,-0.300611,-0.291262,-0.290535,-0.296713,-0.257008,-0.308917,-0.238908,-0.100361,-0.151982,-0.207442,-0.294177	0.168842,0.188894,0.170641,0.148335,0.244127,0.210714,0.197266,0.137587,0.230923,0.139263,0.205037,0.25849,0.128112,0.119388,0.20456,0.190905,0.139723,0.10823,0.198491,0.128122	-0.433791,-0.469241,-0.439474,-0.373408,-0.449759,-0.477517,-0.466079,-0.434176,-0.498003,-0.422199,-0.46833,-0.510673,-0.409268,-0.365191,-0.482958,-0.411065,-0.236764,-0.256002,-0.38988,-0.40696
