-0.143262,-0.139604,-0.0850982,-0.0730212,-0.142667,-0.113732,-0.0505923,-0.107168,-0.122021,-0.0609264,-0.175617,-0.0956725,-0.179574,-0.0834734,-0.0838107,-0.0733601,-0.113387,-0.0798759,-0.062554,-0.0939107	-0.344246,-0.371807,-0.334927,-0.297056,-0.319193,-0.298572,-0.317541,-0.329674,-0.394092,-0.213314,-0.366451,-0.244072,-0.33757,-0.313624,-0.267297,-0.178647,-0.189506,-0.242122,-0.258398,-0.279454	0.21141,0.244915,0.257158,0.229002,0.184948,0.191338,0.271307,0.230656,0.285816,0.154394,0.20396,0.151948,0.168191,0.236338,0.187691,0.106685,0.0777906,0.165446,0.199062,0.190544
-0.235777,-0.230276,-0.185149,-0.158389,-0.269057,-0.259598,-0.179366,-0.25852,-0.232015,-0.268502,-0.314559,-0.22791,-0.192842,-0.243393,-0.235336,-0.150366,-0.107724,-0.129125,-0.207667,-0.167502	-0.556446,-0.556313,-0.55914,-0.527275,-0.599802,-0.591677,-0.547792,-0.551815,-0.621883,-0.532089,-0.623594,-0.575214,-0.528342,-0.571403,-0.561884,-0.411836,-0.368271,-0.439857,-0.528004,-0.510554	0.369093,0.373942,0.417179,0.402501,0.394392,0.392342,0.408571,0.342098,0.455605,0.307522,0.384447,0.399704,0.37356,0.380997,0.376307,0.27873,0.27131,0.329443,0.359787,0.375133
0.0473921,0.0477385,0.0538245,0.0635444,0.0308008,0.152109,0.106246,0.10175,0.115935,0.105775,0.0901765,0.0660226,0.0481154,0.0363607,0.124221,0.0639273,0.069261,0.0832056,0.0377995,0.118538	0.122202,0.111244,0.109459,0.138138,0.0902151,0.228302,0.126455,0.173194,0.160309,0.146696,0.186337,0.148942,0.0912067,0.15048,0.16934,0.160026,0.115378,0.130107,0.130121,0.167551	-0.075246,-0.0638445,-0.0559643,-0.075254,-0.0595798,-0.0789346,-0.0204839,-0.0727264,-0.0452144,-0.041566,-0.0978035,-0.0837427,-0.0432812,-0.114747,-0.0460886,-0.0970923,-0.0464885,-0.047415,-0.0927775,-0.0500068
-0.167869,-0.192314,-0.147582,-0.133685,-0.203318,-0.145045,-0.141006,-0.210705,-0.182353,-0.174059,-0.235055,-0.217089,-0.20714,-0.205817,-0.1498,-0.126811,-0.105625,-0.124712,-0.130688,-0.142216	-0.464147,-0.48527,-0.502854,-0.46995,-0.494146,-0.467668,-0.465658,-0.491878,-0.534694,-0.409626,-0.520491,-0.500374,-0.467169,-0.499952,-0.456944,-0.316493,-0.296522,-0.37194,-0.428966,-0.436018	0.321313,0.32311,0.383751,0.358807,0.32331,0.3461,0.347467,0.313683,0.390407,0.253652,0.325225,0.317807,0.287888,0.327872,0.329713,0.197614,0.19707,0.259254,0.315992,0.313225
0.244064,0.263036,0.186636,0.227019,0.289591,0.227905,0.191181,0.189468,0.280693,0.182791,0.269261,0.184096,0.269829,0.280549,0.16655,0.134277,0.131362,0.103578,0.177667,0.202828	-0.0482987,0.0277986,-0.0954593,-0.0710127,-0.0874851,-0.144381,-0.045634,-0.0166651,-0.0719542,-0.0867633,-0.0563833,-0.201173,-0.0611205,0.00500272,-0.156526,-0.112878,-0.131808,-0.14982,-0.0983739,-0.0907065	0.288956,0.236971,0.277157,0.293303,0.367759,0.360426,0.234767,0.205485,0.345666,0.265346,0.320775,0.37151,0.32558,0.275934,0.314868,0.243465,0.258691,0.249526,0.271299,0.288232
-0.32537,-0.358276,-0.327232,-0.289735,-0.317052,-0.310071,-0.30436,-0.31864,-0.366693,-0.236433,-0.352575,-0.277112,-0.3299,-0.335729,-0.245098,-0.209923,-0.181638,-0.232048,-0.295317,-0.279917	-0.0344098,-0.0609288,-0.0164257,0.00842247,-0.0762332,-0.0457345,-0.0167595,-0.0212562,-0.0332567,-0.0441258,-0.0635675,-0.0552511,-0.128487,0.00715451,-0.00917247,-0.0127671,-0.0616558,-0.0172318,-0.0119025,-0.0469863	-0.294254,-0.303983,-0.312486,-0.297432,-0.246783,-0.268139,-0.289075,-0.299411,-0.337552,-0.194334,-0.295634,-0.225311,-0.210328,-0.342062,-0.236457,-0.197686,-0.121341,-0.215679,-0.284414,-0.236035
0.661638,0.643154,0.641986,0.55146,0.634789,0.662299,0.579443,0.683605,0.678861,0.601419,0.661933,0.581385,0.612476,0.612804,0.585991,0.368172,0.351602,0.403775,0.552689,0.56756	0.49689,0.536221,0.429784,0.35932,0.411705,0.424561,0.465696,0.554678,0.504534,0.445835,0.474186,0.328871,0.439613,0.458626,0.36554,0.230965,0.178255,0.247608,0.371567,0.392533	0.245439,0.163226,0.293062,0.239622,0.302014,0.330737,0.155785,0.207673,0.265139,0.212586,0.273636,0.312207,0.236556,0.214448,0.280545,0.149959,0.184938,0.173514,0.22793,0.225198
-0.518545,-0.492382,-0.520452,-0.499289,-0.52532,-0.568618,-0.512832,-0.505101,-0.577048,-0.49973,-0.575187,-0.538338,-0.485302,-0.558895,-0.510917,-0.423618,-0.362866,-0.424156,-0.516069,-0.492147	-0.0875482,-0.0744882,-0.0570527,-0.0431149,-0.0900362,-0.13389,-0.0968171,-0.11413,-0.0955863,-0.17754,-0.14668,-0.0732716,-0.077905,-0.0970427,-0.111688,-0.0594877,-0.0475613,-0.0549716,-0.0686186,-0.0917513	-0.451493,-0.433804,-0.47758,-0.46621,-0.456893,-0.470552,-0.437749,-0.414888,-0.509569,-0.353558,-0.46799,-0.484164,-0.423405,-0.488338,-0.423389,-0.373543,-0.320842,-0.377998,-0.463877,-0.419331
0.163276,0.186879,0.177165,0.130702,0.201217,0.173623,0.128972,0.180705,0.177378,0.134061,0.212266,0.111206,0.15345,0.18833,0.103453,0.0516334,0.0297143,0.0432305,0.11713,0.105602	0.278105,0.295587,0.24828,0.238702,0.360747,0.30095,0.25041,0.254341,0.346232,0.255883,0.346423,0.252235,0.315134,0.308526,0.209031,0.18153,0.13814,0.160536,0.215801,0.222452	-0.120291,-0.115064,-0.0743866,-0.111477,-0.172017,-0.134346,-0.125491,-0.0771836,-0.179903,-0.126149,-0.144806,-0.145099,-0.169899,-0.127611,-0.107912,-0.131126,-0.108873,-0.118125,-0.10123,-0.119661
-0.0341435,-0.0395379,-0.0474764,-0.0289954,-0.0616295,-0.0412488,-0.0648984,-0.106947,-0.0749647,-0.102823,-0.108399,-0.107073,-0.0993589,-0.0616043,-0.0306672,-0.067726,-0.0536286,-0.0328514,-0.004585,-0.0714691	-0.430053,-0.420966,-0.473705,-0.448003,-0.441334,-0.456599,-0.427709,-0.472649,-0.500394,-0.390062,-0.49583,-0.484174,-0.422825,-0.48166,-0.414769,-0.35081,-0.295663,-0.341511,-0.420673,-0.42703	0.40181,0.387884,0.436035,0.424522,0.390321,0.423323,0.373169,0.385172,0.442009,0.299241,0.409437,0.39772,0.337651,0.432901,0.38905,0.289974,0.245933,0.312162,0.416892,0.366754
0.431842,0.42398,0.336492,0.359157,0.468317,0.443032,0.329369,0.387823,0.451758,0.40554,0.495719,0.375308,0.396976,0.465148,0.367251,0.25358,0.19855,0.197354,0.355383,0.331868	0.0836612,0.14058,-0.0206614,-0.00783885,0.0370968,-0.034609,0.00280568,0.0730407,0.0389848,-0.0183213,0.0879253,-0.0982694,0.0946634,0.0701247,-0.0600032,-0.0514837,-0.0409707,-0.0648688,-0.0280658,0.00169791	0.361231,0.301362,0.354688,0.365965,0.438844,0.470428,0.326865,0.323959,0.420173,0.420735,0.426378,0.456733,0.314117,0.408343,0.418042,0.301133,0.237588,0.258908,0.379662,0.330356
-0.327685,-0.359828,-0.343751,-0.327899,-0.314943,-0.400142,-0.376602,-0.37379,-0.413955,-0.320211,-0.387617,-0.3056,-0.327656,-0.340186,-0.327191,-0.24307,-0.220194,-0.284239,-0.301898,-0.347764	0.116474,0.0881298,0.0764501,0.0883317,0.0688822,0.0735929,0.037338,0.102827,0.10934,0.0228771,0.127766,0.045023,0.0560093,0.0935703,0.0936036,0.0704765,0.0495908,0.0452199,0.0581184,0.0488206	-0.42783,-0.434189,-0.409441,-0.404515,-0.375676,-0.460184,-0.4082,-0.458976,-0.500635,-0.340593,-0.491063,-0.345865,-0.376751,-0.420375,-0.40829,-0.308266,-0.266871,-0.325278,-0.353808,-0.389964
0.690947,0.68597,0.67975,0.607567,0.685334,0.679772,0.63801,0.733657,0.724414,0.658352,0.718331,0.668354,0.679058,0.673224,0.633275,0.429025,0.396927,0.456697,0.599015,0.60404	0.539305,0.560047,0.444453,0.381344,0.455669,0.454647,0.467645,0.557297,0.533565,0.437548,0.521707,0.354808,0.522466,0.45272,0.384459,0.248547,0.248402,0.286705,0.385004,0.417372	0.241711,0.204478,0.337158,0.294444,0.333954,0.325822,0.24281,0.298343,0.311095,0.310144,0.314476,0.411013,0.242697,0.317172,0.32889,0.20202,0.164771,0.195603,0.278162,0.249593
-0.487597,-0.477905,-0.504615,-0.507696,-0.489472,-0.575781,-0.525969,-0.513884,-0.576779,-0.507711,-0.560246,-0.526095,-0.471279,-0.517224,-0.529996,-0.426683,-0.36196,-0.425616,-0.474639,-0.513838	0.169538,0.154826,0.137694,0.132172,0.186732,0.156501,0.089207,0.168731,0.155217,0.102043,0.18411,0.16375,0.117977,0.175155,0.142961,0.0937554,0.0715271,0.0694105,0.147571,0.0828239	-0.60696,-0.589139,-0.600579,-0.599631,-0.619574,-0.67175,-0.587606,-0.628149,-0.671848,-0.579719,-0.674757,-0.63513,-0.558219,-0.634864,-0.625559,-0.50042,-0.422548,-0.480822,-0.581481,-0.572305
0.289235,0.32176,0.276989,0.232053,0.327316,0.267088,0.228751,0.323054,0.301288,0.263321,0.364637,0.286345,0.310981,0.337218,0.217775,0.136274,0.103121,0.135086,0.213651,0.21642	0.454429,0.451063,0.380473,0.354161,0.510114,0.492751,0.366554,0.42478,0.484228,0.454297,0.54182,0.414502,0.433055,0.481959,0.376546,0.270441,0.217083,0.236052,0.381813,0.345279	-0.190192,-0.151255,-0.115674,-0.133042,-0.219437,-0.259863,-0.150415,-0.117905,-0.214188,-0.216926,-0.220808,-0.145417,-0.141072,-0.17283,-0.172954,-0.139301,-0.116572,-0.104291,-0.183098,-0.139266
0.141077,0.150804,0.107549,0.110728,0.145974,0.119393,0.0863057,0.127066,0.129499,0.076604,0.140727,0.125427,0.109072,0.165199,0.137756,0.0640998,0.0545901,0.083536,0.129281,0.0728568	-0.420058,-0.418252,-0.468023,-0.465446,-0.42104,-0.513753,-0.451775,-0.487723,-0.51928,-0.432715,-0.506326,-0.470721,-0.406875,-0.447355,-0.466581,-0.36082,-0.306638,-0.359397,-0.397479,-0.459918	0.529742,0.535293,0.547988,0.547935,0.534183,0.596554,0.517888,0.578912,0.607901,0.492978,0.604014,0.562913,0.494023,0.5704,0.56784,0.415314,0.355281,0.430023,0.501015,0.515501
-0.313887,-0.24187,-0.312438,-0.33707,-0.350908,-0.422794,-0.282805,-0.280326,-0.38891,-0.363808,-0.390319,-0.390617,-0.279374,-0.36304,-0.376169,-0.29203,-0.228532,-0.246805,-0.31052,-0.301903	-0.299609,-0.308277,-0.238258,-0.262076,-0.333617,-0.34449,-0.260749,-0.275455,-0.350947,-0.33081,-0.386162,-0.261359,-0.323526,-0.356258,-0.254555,-0.186277,-0.149065,-0.146576,-0.235387,-0.270998	-0.0157604,0.0717575,-0.0801459,-0.0822599,-0.0195834,-0.0916533,-0.0238111,-0.00527933,-0.0439633,-0.0375137,-0.00489523,-0.143954,0.0485394,-0.00778904,-0.134493,-0.111836,-0.0822697,-0.103991,-0.0810583,-0.0336589
-0.623628,-0.613527,-0.575385,-0.498276,-0.52765,-0.584173,-0.558506,-0.64852,-0.639483,-0.547183,-0.594516,-0.536301,-0.577406,-0.563905,-0.535119,-0.338994,-0.319972,-0.345658,-0.515938,-0.53333	0.0784949,0.0677511,0.112671,0.0339249,0.156926,0.14069,0.102737,0.109332,0.130117,0.123604,0.15738,0.129445,0.0813578,0.0558477,0.0659026,0.0518984,0.0315413,0.0960403,0.0756063,0.0457525	-0.669357,-0.65409,-0.646166,-0.523354,-0.632226,-0.669813,-0.625361,-0.707676,-0.710482,-0.628294,-0.687564,-0.622529,-0.629206,-0.600831,-0.580548,-0.384134,-0.348002,-0.427507,-0.569336,-0.565289
-0.652285,-0.628173,-0.642373,-0.564818,-0.632216,-0.646574,-0.597105,-0.710035,-0.685877,-0.625991,-0.692521,-0.630665,-0.633034,-0.625267,-0.583353,-0.403995,-0.361266,-0.409372,-0.5249,-0.580791	-0.229042,-0.138881,-0.308444,-0.27447,-0.259173,-0.298172,-0.188672,-0.287839,-0.293136,-0.253426,-0.31907,-0.358909,-0.185488,-0.268744,-0.294922,-0.212241,-0.15746,-0.164471,-0.200264,-0.232672	-0.497582,-0.536059,-0.416442,-0.343617,-0.446145,-0.431613,-0.460288,-0.530648,-0.491575,-0.442815,-0.479375,-0.351265,-0.507089,-0.428533,-0.348365,-0.209738,-0.216099,-0.26258,-0.36277,-0.402512
-0.183425,-0.212418,-0.206493,-0.153098,-0.229293,-0.198772,-0.173158,-0.246266,-0.222135,-0.211038,-0.277995,-0.203886,-0.233409,-0.220136,-0.126814,-0.0869597,-0.0698919,-0.0764788,-0.110652,-0.170572	0.164829,0.140679,0.0866027,0.116852,0.186447,0.218485,0.152515,0.0816157,0.187466,0.20025,0.175444,0.117745,0.145811,0.169736,0.165069,0.120108,0.104104,0.123014,0.175652,0.128491	-0.338034,-0.342852,-0.287946,-0.265205,-0.398696,-0.39989,-0.317294,-0.321421,-0.393226,-0.394611,-0.432351,-0.314091,-0.366738,-0.375829,-0.285898,-0.204927,-0.172739,-0.197633,-0.280845,-0.292649
